service_id,monday,tuesday,wednesday,thursday,friday,saturday,sunday,start_date,end_date
GCLR 24_25-36993,0,0,0,0,1,0,0,20240906,20241025
GCLR 24_25-36991,1,1,1,1,0,0,0,20240829,20241028
GCLR 24_25-36990,0,0,0,0,0,1,0,20240907,20241026
GCLR 24_25-36992,0,0,0,0,0,0,1,20240908,20241027
ATS_SBL 24-37419,0,0,0,0,0,1,0,20240907,20240907
ATS_SBL 24-37421,0,0,0,0,0,0,1,20240908,20240908
EVENT24_25-37433,0,0,0,0,0,0,1,20240908,20240908
BBL 24_25-36196,1,1,1,1,1,0,0,20240829,20241028
BCC 24_25-36507,0,0,0,0,1,0,0,20240830,20241025
BCC 24_25-36508,1,1,1,1,0,0,0,20240829,20241028
BCC 24_25-36506,0,0,0,0,0,1,0,20240907,20241026
BCC 24_25-36505,0,0,0,0,0,0,1,20240901,20241027
CBL 24_25-36450,1,1,1,1,1,0,0,20240829,20241028
CBL 24_25-36450-0001000,0,0,0,1,0,0,0,20240829,20241028
CBL 24_25-36456,1,1,1,1,1,0,0,20240916,20240927
CBL 24_25-36456-0001000,0,0,0,1,0,0,0,20240916,20240927
CBL 24_25-36451,0,0,0,0,1,0,0,20240830,20240830
CBL 24_25-36452,0,0,0,0,0,1,0,20240831,20241026
CBL 24_25-36455,0,0,0,0,0,0,1,20240901,20241027
ATS_TBS 24-37346,1,1,1,1,1,0,0,20240920,20240920
ATS_TBS 24-37347,1,1,1,1,1,0,0,20240916,20240919
ATS_TBS 24-37384,1,1,1,1,1,0,0,20240927,20240927
ATS_TBS 24-37387,1,1,1,1,1,0,0,20240923,20240926
ATS_TBS 24-37517,1,1,1,1,1,0,0,20240902,20240903
ATS_TBS 24-37516,1,1,1,1,1,0,0,20240909,20240910
ATS_TBS 24-36355,1,1,1,1,1,0,0,20240904,20240904
ATS_TBS 24-37388,0,0,0,0,0,1,0,20240921,20240921
ATS_TBS 24-37383,0,0,0,0,0,1,0,20240928,20240928
ATS_TBS 24-37349,0,0,0,0,0,1,0,20240914,20240914
ATS_TBS 24-37386,0,0,0,0,0,0,1,20240922,20240922
ATS_TBS 24-37348,0,0,0,0,0,0,1,20240915,20240915
ATS_TBS 24-37385,0,0,0,0,0,0,1,20240929,20240929
ATS_TBS 24-37426,0,0,0,0,0,0,1,20240901,20240901
BT 24_25-37538,1,1,1,1,1,0,0,20240923,20240927
BT 24_25-37538-0000100,0,0,0,0,1,0,0,20240923,20240927
BT 24_25-37538-1111000,1,1,1,1,0,0,0,20240923,20240927
ATS_MGB 24-35256,1,1,1,1,1,0,0,20240911,20240911
GCLR 24_25-37393,0,0,0,0,1,0,0,20240830,20240830
GCLR 24_25-37394,0,0,0,0,0,0,1,20240901,20240901
GCLR 24_25-37395,0,0,0,0,0,1,0,20240831,20240831
HBL 24_25-37067,0,0,0,0,1,0,0,20240906,20241025
HBL 24_25-37064,1,1,1,1,0,0,0,20240829,20241028
HBL 24_25-37065,0,0,0,0,1,0,0,20240830,20240927
HBL 24_25-37066,1,1,1,1,0,0,0,20240916,20240926
HBL 24_25-37063,0,0,0,0,0,1,0,20240831,20241026
HBL 24_25-37062,0,0,0,0,0,0,1,20240901,20241027
HBL 24_25-37058,0,0,0,0,0,0,1,20241007,20241007
BT 24_25-37138,1,1,1,1,1,0,0,20240829,20240906
BT 24_25-37138-1111000,1,1,1,1,0,0,0,20240829,20240906
BT 24_25-37138-0000100,0,0,0,0,1,0,0,20240829,20240906
BT 24_25-37138-1000000,1,0,0,0,0,0,0,20240829,20240906
BT 24_25-37138-0111100,0,1,1,1,1,0,0,20240829,20240906
BT 24_25-37148,0,0,0,0,0,0,1,20240901,20240908
KBL 24_25-36463,1,1,1,1,1,0,0,20240829,20240906
KBL 24_25-36463-1111000,1,1,1,1,0,0,0,20240829,20240906
KBL 24_25-36463-0000100,0,0,0,0,1,0,0,20240829,20240906
KBL 24_25-37359,1,1,1,1,1,0,0,20240909,20241028
KBL 24_25-37363,1,1,1,1,1,0,0,20240916,20240927
KBL 24_25-36459,0,0,0,0,0,1,0,20240831,20240907
KBL 24_25-37360,0,0,0,0,0,1,0,20240914,20241026
KBL 24_25-36461,0,0,0,0,0,0,1,20240901,20240908
KBL 24_25-37362,0,0,0,0,0,0,1,20240915,20241027
LCBS 24_25-36998,1,1,1,1,1,0,0,20240829,20240829
LCBS 24_25-36998-0000100,0,0,0,0,1,0,0,20240829,20240829
LCBS 24_25-36998-0001000,0,0,0,1,0,0,0,20240829,20240829
LCBS 24_25-37477,1,1,1,1,1,0,0,20240902,20241028
LCBS 24_25-37477-0000100,0,0,0,0,1,0,0,20240902,20241028
LCBS 24_25-37477-0001000,0,0,0,1,0,0,0,20240902,20241028
LCBS 24_25-36995,1,1,1,1,1,0,0,20240830,20240830
LCBS 24_25-36995-0000100,0,0,0,0,1,0,0,20240830,20240830
LCBS 24_25-36995-0001000,0,0,0,1,0,0,0,20240830,20240830
LCBS 24_25-37478,1,1,1,1,1,0,0,20240916,20240927
LCBS 24_25-37478-0000100,0,0,0,0,1,0,0,20240916,20240927
LCBS 24_25-37478-0001000,0,0,0,1,0,0,0,20240916,20240927
LCBS 24_25-37481,0,0,0,0,0,0,1,20241007,20241007
LCBS 24_25-37308,0,0,0,0,0,1,0,20240831,20240831
LCBS 24_25-37479,0,0,0,0,0,1,0,20240907,20241026
LCBS 24_25-36996,0,0,0,0,0,0,1,20240901,20240901
LCBS 24_25-37480,0,0,0,0,0,0,1,20240908,20241027
LOGC 24_25-36375,1,1,1,1,1,0,0,20240829,20241028
LOGC 24_25-36376,0,0,0,0,0,1,0,20240831,20241026
LVB 24_25-36369,0,0,0,0,0,1,0,20240831,20241026
LVB 24_25-36367,0,0,0,0,0,0,1,20240901,20241027
LVB 24_25-36368,1,1,1,1,1,0,0,20240829,20241028
MGB 24_25-36381,1,1,1,1,1,0,0,20240829,20241028
MGB 24_25-36380,1,1,1,1,1,0,0,20240830,20240927
MGB 24_25-36379,0,0,0,0,0,1,0,20240831,20241026
MGB 24_25-36378,0,0,0,0,0,0,1,20240901,20241027
QR 24_25-37171,0,0,0,0,1,0,0,20240830,20240906
QR 24_25-37310,0,0,0,0,1,0,0,20240913,20241025
QR 24_25-37311,0,0,0,0,0,1,0,20241005,20241026
QR 24_25-37312,0,0,0,0,0,0,1,20241006,20241027
QR 24_25-37313,1,1,1,1,0,0,0,20240912,20241028
QR 24_25-37182,1,1,1,1,0,0,0,20240829,20240905
PRT 24_25-37278,1,1,1,1,1,0,0,20240829,20241028
PRT 24_25-37272,1,1,1,1,1,0,0,20240916,20240927
PRT 24_25-37273,0,0,0,0,0,1,0,20240831,20241026
PRT 24_25-37267,1,1,1,1,1,0,0,20240830,20240830
PRT 24_25-37271,0,0,0,0,0,0,1,20240901,20241027
BCC 24_25-37410,0,0,0,0,0,1,0,20240831,20240831
BT 24_25-37238,0,0,0,0,0,1,0,20240831,20240831
SBL 24_25-37322,1,1,1,1,1,0,0,20240916,20240920
SBL 24_25-37322-0000100,0,0,0,0,1,0,0,20240916,20240920
SBL 24_25-37322-1111000,1,1,1,1,0,0,0,20240916,20240920
SBL 24_25-37449,1,1,1,1,1,0,0,20240923,20240927
SBL 24_25-37449-1111000,1,1,1,1,0,0,0,20240923,20240927
SBL 24_25-37449-0000100,0,0,0,0,1,0,0,20240923,20240927
SBL 24_25-37323,1,1,1,1,1,0,0,20240829,20240913
SBL 24_25-37323-0000100,0,0,0,0,1,0,0,20240829,20240913
SBL 24_25-37323-1111000,1,1,1,1,0,0,0,20240829,20240913
SBL 24_25-37446,1,1,1,1,1,0,0,20240930,20241028
SBL 24_25-37446-1111000,1,1,1,1,0,0,0,20240930,20241028
SBL 24_25-37446-0000100,0,0,0,0,1,0,0,20240930,20241028
SBL 24_25-37324,0,0,0,0,0,1,0,20240831,20240921
SBL 24_25-37447,0,0,0,0,0,1,0,20240928,20241026
SBL 24_25-37321,0,0,0,0,0,0,1,20240830,20240922
SBL 24_25-37448,0,0,0,0,0,0,1,20240929,20241027
BT 24_25-37456,1,1,1,1,1,0,0,20240909,20241025
BT 24_25-37456-1111000,1,1,1,1,0,0,0,20240909,20241025
BT 24_25-37456-0000100,0,0,0,0,1,0,0,20240909,20241025
BT 24_25-37456-1000000,1,0,0,0,0,0,0,20240909,20241025
BT 24_25-37456-0111100,0,1,1,1,1,0,0,20240909,20241025
BT 24_25-37454,0,0,0,0,0,1,0,20240921,20241026
BT 24_25-37462,0,0,0,0,0,0,1,20240915,20241027
BT 24_25-37460,1,1,1,1,1,0,0,20240916,20240920
BT 24_25-37460-0000100,0,0,0,0,1,0,0,20240916,20240920
BT 24_25-37460-1111000,1,1,1,1,0,0,0,20240916,20240920
BT 24_25-37459,1,1,1,1,1,0,0,20241028,20241028
BT 24_25-37459-0000100,0,0,0,0,1,0,0,20241028,20241028
BT 24_25-37459-1000000,1,0,0,0,0,0,0,20241028,20241028
BT 24_25-37459-0111100,0,1,1,1,1,0,0,20241028,20241028
BT 24_25-37459-1111000,1,1,1,1,0,0,0,20241028,20241028
BT 24_25-37452,0,0,0,0,0,0,1,20241007,20241007
KBL 24_25-37224,0,0,0,0,1,0,0,20240830,20240830
ATS_HBL 24-35875,0,0,0,0,0,1,0,20240907,20240907
ATS_HBL 24-35879,0,0,0,0,0,0,1,20240908,20240908
BITS 24_25-37264,0,0,0,0,0,1,0,20240831,20241026
BITS 24_25-37265,0,0,0,0,0,0,1,20240901,20241027
BITS 24_25-37263,1,1,1,1,1,0,0,20240829,20241028
SUN 24_25-36485,1,1,1,1,1,0,0,20240916,20240927
SUN 24_25-36485-1111000,1,1,1,1,0,0,0,20240916,20240927
SUN 24_25-36485-0010000,0,0,1,0,0,0,0,20240916,20240927
SUN 24_25-36485-1110100,1,1,1,0,1,0,0,20240916,20240927
SUN 24_25-36485-0001000,0,0,0,1,0,0,0,20240916,20240927
SUN 24_25-36485-0000100,0,0,0,0,1,0,0,20240916,20240927
SUN 24_25-36484,1,1,1,1,1,0,0,20240829,20241028
SUN 24_25-36484-1111000,1,1,1,1,0,0,0,20240829,20241028
SUN 24_25-36484-0010000,0,0,1,0,0,0,0,20240829,20241028
SUN 24_25-36484-1110100,1,1,1,0,1,0,0,20240829,20241028
SUN 24_25-36484-0001000,0,0,0,1,0,0,0,20240829,20241028
SUN 24_25-36484-0000100,0,0,0,0,1,0,0,20240829,20241028
SUN 24_25-36482,0,0,0,0,0,1,0,20240831,20241026
SUN 24_25-36481,0,0,0,0,0,0,1,20240901,20241027
SUN 24_25-36483,0,0,0,0,0,0,1,20241007,20241007
CDC 24_25-36880,1,1,1,1,1,0,0,20240829,20240829
CDC 24_25-37485,1,1,1,1,1,0,0,20240902,20241028
TBS 24_25-36605,1,1,1,1,1,0,0,20240829,20241028
TBS 24_25-36605-0000100,0,0,0,0,1,0,0,20240829,20241028
TBS 24_25-36604,1,1,1,1,1,0,0,20240916,20240927
TBS 24_25-36604-0000100,0,0,0,0,1,0,0,20240916,20240927
TBS 24_25-37423,0,0,0,0,1,0,0,20240830,20240830
TBS 24_25-36606,0,0,0,0,0,1,0,20240831,20241026
TBS 24_25-36603,0,0,0,0,0,0,1,20240901,20241027
QR 24_25-37432,0,0,0,0,0,1,0,20240831,20240831
QR 24_25-37431,0,0,0,0,0,0,1,20240901,20240901
QR 24_25-37435,1,1,1,1,0,0,0,20240902,20240903
QR 24_25-37437,1,1,1,1,0,0,0,20240904,20240904
QR 24_25-37428,0,0,0,0,0,1,0,20240907,20240907
QR 24_25-37429,0,0,0,0,0,0,1,20240908,20240908
QR 24_25-37367,1,1,1,1,0,0,0,20240909,20240910
QR 24_25-37369,1,1,1,1,0,0,0,20240911,20240911
QR 24_25-37464,0,0,0,0,0,1,0,20240914,20240914
QR 24_25-37465,0,0,0,0,0,0,1,20240915,20240915
QR 24_25-37438,1,1,1,1,0,0,0,20240916,20240919
QR 24_25-37450,0,0,0,0,1,0,0,20240920,20240920
QR 24_25-37472,0,0,0,0,0,1,0,20240921,20240921
QR 24_25-37476,0,0,0,0,0,0,1,20240922,20240922
QR 24_25-37539,1,1,1,1,0,0,0,20240923,20240926
QR 24_25-37540,0,0,0,0,1,0,0,20240927,20240927
QR 24_25-37470,0,0,0,0,0,1,0,20240928,20240928
QR 24_25-37484,0,0,0,0,0,0,1,20240929,20240929
TDEV 24_25-37212,1,1,1,1,1,0,0,20240829,20241028
TDEV 24_25-37217,1,1,1,1,1,0,0,20240830,20240927
TDEV 24_25-37218,1,1,1,1,1,1,1,20241007,20241007
TDEV 24_25-37209,0,0,0,0,0,1,0,20240831,20241026
TDEV 24_25-37208,0,0,0,0,0,0,1,20240901,20241027
BT 24_25-37401,0,0,0,0,0,1,0,20240907,20240907
BT 24_25-37475,0,0,0,0,0,1,0,20240914,20240914
WBS 24_25-36657,1,1,1,1,1,0,0,20240829,20241028
WBS 24_25-36658,1,1,1,1,1,0,0,20240916,20240927
WBS 24_25-36659,0,0,0,0,0,1,0,20240831,20241026
WBS 24_25-37161,1,1,1,1,1,0,0,20240830,20240830
WBS 24_25-36660,0,0,0,0,0,0,1,20240901,20241027
